   0.0000000e+00   6.7057758e+00   1.8800834e+00   2.4755298e+00   3.4118143e+00   1.3319171e+00   3.9195183e-01  -5.7934663e-01   8.4423858e-01   8.1766386e-01   8.9034217e-01   0.0000000e+00   1.0423872e-01  -2.4925876e-01   1.7992840e-01  -4.0072441e-01   5.5571239e-01   4.0466484e-01  -3.0210033e-01  -7.0665831e-01  -6.1776117e-01  -3.0817471e-01   0.0000000e+00   6.1249277e-01   8.9994221e-01  -8.4549142e-01  -2.3699424e-01  -4.1304253e-01  -5.6037534e-01  -7.4574306e-01  -7.4243107e-01  -6.3658048e-01  -5.1797874e-01   0.0000000e+00   0.0000000e+00  -7.7625976e-01  -6.0819521e-01  -7.6989721e-01  -8.7083432e-01  -6.9419307e-01  -1.2959300e-01  -1.8881844e-01  -2.3030098e-01  -2.4909675e-01   1.7995082e-01   1.9286827e-01   0.0000000e+00  -4.1943490e-01  -8.5126350e-01  -7.8020530e-01  -6.8966021e-01  -6.1389303e-01  -6.9515575e-01   4.6117411e-02   6.2277092e-02   0.0000000e+00   0.0000000e+00   0.0000000e+00   4.2583200e+00   1.5601245e+00  -4.2226435e-01  -6.7939646e-01  -4.6633637e-01  -1.7719538e-01   3.9524187e-01   6.6842658e-01   6.8677848e-01   0.0000000e+00   0.0000000e+00   0.0000000e+00   1.0117339e-01  -7.8992374e-01  -6.3429803e-01  -6.3392255e-01  -5.8233533e-01   3.8170349e-01   5.2375977e-01   0.0000000e+00   0.0000000e+00  -9.0304404e-01  -8.8784850e-01  -8.2139462e-01  -7.1809681e-01  -6.2643690e-01  -2.6967348e-01   0.0000000e+00   0.0000000e+00   0.0000000e+00  -1.3079937e-01  -1.1322219e-01  -5.6025396e-01  -6.1039316e-01   8.8608487e-02   3.4818029e-01   3.6454481e-02  -1.0051813e-01  -2.3020869e-01  -2.8091631e-01  -1.7176379e-01  -2.6770986e-01  -3.1071924e-01  -9.9458694e-02  -4.2387531e-02  -8.6045709e-01  -1.2039978e+00  -1.0547122e+00  -2.1539689e-01  -3.3626964e-02  -1.0562661e-01   4.3653308e-01   0.0000000e+00  -1.0987299e+00  -1.1531687e+00  -2.3513337e-03  -3.2182461e-01  -4.1248479e-01  -3.6957756e-01  -1.3056031e-01   0.0000000e+00   0.0000000e+00   0.0000000e+00   0.0000000e+00   0.0000000e+00   0.0000000e+00   0.0000000e+00   0.0000000e+00   0.0000000e+00   0.0000000e+00   0.0000000e+00   0.0000000e+00   7.2435459e-01   0.0000000e+00
   6.7057758e+00   0.0000000e+00   7.9490694e+00   5.2507050e+00   4.6024372e+00   1.9601879e+00   1.8791622e-01  -7.4090754e-01   3.0116123e-01   3.3130294e-01   3.5102618e-01   0.0000000e+00  -5.7277092e-01  -9.7561407e-01  -8.4265441e-01  -1.5715357e-01   1.1756717e+00   6.8965747e-01  -3.4899355e-01  -8.0878987e-01  -7.9517292e-01  -5.8259661e-01   0.0000000e+00  -1.1678386e+00  -9.8623145e-01  -9.4765032e-01  -2.4267459e-01  -5.1500829e-01  -7.2466696e-01  -9.2924446e-01  -9.3907293e-01  -8.8372859e-01  -7.8187884e-01   0.0000000e+00   0.0000000e+00  -9.3939650e-01  -8.3229115e-01  -9.7555660e-01  -1.0560298e+00  -9.0030154e-01  -4.9860816e-01  -5.4627639e-01  -5.9476995e-01  -5.7222625e-01  -2.1557860e-01  -2.3471521e-01   0.0000000e+00  -8.5067315e-01   0.0000000e+00   0.0000000e+00   0.0000000e+00  -1.0714215e+00  -1.1187131e+00  -6.1816730e-01  -6.3239690e-01   0.0000000e+00   0.0000000e+00   0.0000000e+00   2.7354623e+00   7.5809489e-01  -8.5928801e-01  -1.0461678e+00  -8.8919761e-01  -4.6231901e-01  -8.3896940e-02   1.1180195e-01   8.4211233e-02   0.0000000e+00   0.0000000e+00   0.0000000e+00  -3.7254479e-01  -7.2333198e-01  -5.6564081e-01  -5.7216599e-01  -5.2430617e-01   4.6285047e-01   5.5952631e-01   0.0000000e+00   0.0000000e+00  -1.2671804e+00  -1.2571056e+00  -1.2176339e+00  -1.1698530e+00  -1.1125007e+00  -8.6810613e-01   0.0000000e+00   0.0000000e+00   0.0000000e+00   0.0000000e+00   0.0000000e+00   0.0000000e+00   0.0000000e+00   0.0000000e+00   0.0000000e+00  -3.6998414e-01  -2.8347779e-01  -3.9353197e-01  -4.6283627e-01  -3.1397405e-01  -6.0770097e-01  -6.2915079e-01  -2.7178933e-01  -2.0651314e-01  -1.0313153e+00  -1.2895860e+00  -1.1714324e+00  -5.6284955e-01  -6.7360287e-01  -6.8727097e-01  -2.6530860e-01   0.0000000e+00  -1.1710828e+00  -1.2177620e+00  -6.1390308e-01  -5.3492069e-01  -6.0750950e-01  -5.6446027e-01  -6.8588829e-01   0.0000000e+00   0.0000000e+00   0.0000000e+00   0.0000000e+00   0.0000000e+00   0.0000000e+00   0.0000000e+00   0.0000000e+00   0.0000000e+00   0.0000000e+00   0.0000000e+00   0.0000000e+00  -9.4273300e-02   0.0000000e+00
   1.8800834e+00   7.9490694e+00   0.0000000e+00   2.4531091e+00   7.7669809e+00   4.1029937e+00   1.0665171e+00  -4.7394972e-01   9.2248882e-01   9.6477285e-01   9.8704314e-01   0.0000000e+00   2.9264678e-01  -3.1865188e-01  -6.1739933e-02   1.5259418e+00   3.8468109e+00   2.4656764e+00   3.1204107e-01  -5.1702284e-01  -5.0937679e-01  -2.4174055e-01   0.0000000e+00   7.7387996e-01   9.2402587e-01  -5.8000747e-01   7.2194475e-01   1.5016808e-02  -3.9655962e-01  -7.0832369e-01  -7.3694359e-01  -6.6270373e-01  -5.0522834e-01   0.0000000e+00   0.0000000e+00  -7.5088306e-01  -5.9975372e-01  -8.3678497e-01  -9.3268069e-01  -7.2476727e-01  -2.0163093e-01  -2.5534868e-01  -3.1987162e-01  -2.3887294e-01   3.6139803e-01   3.6816802e-01   0.0000000e+00  -4.8841035e-01  -8.6114099e-01  -7.7267088e-01  -6.8649846e-01  -6.0179834e-01  -5.9037656e-01   2.3635150e-01   2.3571080e-01   0.0000000e+00   0.0000000e+00   0.0000000e+00   4.8458979e+00   2.1509636e+00  -3.0220215e-01  -6.3828546e-01  -3.6134655e-01  -7.0492256e-02   4.5919388e-01   6.9321623e-01   6.7642878e-01   0.0000000e+00   0.0000000e+00   0.0000000e+00   4.1105832e-02  -7.8141601e-01  -6.4625818e-01  -6.2246399e-01  -5.7997080e-01   5.9845975e-01   7.1255785e-01   0.0000000e+00   0.0000000e+00  -9.0625412e-01  -8.8291848e-01  -8.1886405e-01  -7.6079617e-01  -6.5425937e-01  -1.7630383e-01   0.0000000e+00   0.0000000e+00   0.0000000e+00  -2.2775840e-01  -2.0745996e-01  -6.2449701e-01  -6.2900188e-01   8.9095516e-02   4.1552745e-01   6.5320463e-02  -3.0306790e-02  -1.6271902e-01  -2.8216487e-01  -6.8154948e-02  -2.8128242e-01  -3.1263652e-01  -8.5449249e-02   4.5155363e-02  -9.7611440e-01  -1.2279946e+00  -1.1165776e+00  -3.8361951e-01  -1.8906894e-01  -1.0904299e-01   6.4077139e-01   0.0000000e+00  -1.0873335e+00  -1.1486097e+00   1.2987010e-02  -3.1192816e-01  -4.2029113e-01  -3.8640428e-01  -2.2363122e-02   0.0000000e+00   0.0000000e+00   0.0000000e+00   0.0000000e+00   0.0000000e+00   0.0000000e+00   0.0000000e+00   0.0000000e+00   0.0000000e+00   0.0000000e+00   0.0000000e+00   0.0000000e+00   1.0169899e+00   0.0000000e+00
   2.4755298e+00   5.2507050e+00   2.4531091e+00   0.0000000e+00   1.0327237e+01   6.6552045e+00   2.1843007e+00  -6.6285937e-02   1.2454262e+00   1.4929388e+00   1.4029792e+00   0.0000000e+00   7.5892342e-01   5.5467108e-02   3.9878626e-01   3.3056941e+00   6.8007377e+00   4.8855494e+00   1.6244054e+00  -7.1680397e-02  -5.3917593e-02   9.0435707e-02   0.0000000e+00   9.6497929e-01   1.0497780e+00  -1.1454229e-01   2.1543449e+00   9.0838864e-01   1.5421469e-01  -3.9420670e-01  -4.0657937e-01  -4.0010819e-01  -2.6568816e-01   0.0000000e+00   0.0000000e+00  -4.3597680e-01  -1.3424056e-01  -5.0360305e-01  -6.7415051e-01  -3.7121461e-01   2.8444177e-01   1.7669492e-01   1.5149304e-02   1.0951711e-01   7.9166683e-01   8.2334141e-01   0.0000000e+00  -4.2910929e-01  -7.8875196e-01  -6.1332253e-01  -4.6863460e-01  -3.7135822e-01  -2.7957825e-01   6.2927125e-01   6.4481143e-01   0.0000000e+00   0.0000000e+00   0.0000000e+00   5.1854409e+00   2.3622026e+00  -7.9552015e-02  -3.3845381e-01  -1.0214778e-02   4.4135868e-01   8.7088442e-01   1.0955736e+00   1.0692829e+00   0.0000000e+00   0.0000000e+00   0.0000000e+00   3.5769864e-01  -7.2951300e-01  -4.5779469e-01  -3.6664956e-01  -4.0479446e-01   1.0771897e+00   1.2843907e+00   0.0000000e+00   0.0000000e+00  -8.9488449e-01  -8.7092293e-01  -7.8074295e-01  -6.0450325e-01  -4.1377163e-01   1.7808916e-01   0.0000000e+00   0.0000000e+00   0.0000000e+00   1.2562749e-01   1.9813859e-01  -3.6102270e-01  -3.2339413e-01   2.3171406e-01   7.6281272e-01   3.8019530e-01   1.3797361e-01   1.4459665e-02  -1.2864708e-01   1.2218546e-01  -1.1684281e-01  -2.3351396e-01   1.1224560e-01   3.1762711e-01  -8.9004241e-01  -1.2716542e+00  -1.1378235e+00  -1.0872238e-01   1.4717167e-01   3.0867989e-01   1.2083365e+00   0.0000000e+00  -1.0569651e+00  -1.1416570e+00   4.2872374e-01   6.4567353e-02  -8.8372707e-02   2.1378728e-02   4.4940574e-01   0.0000000e+00   0.0000000e+00   0.0000000e+00   0.0000000e+00   0.0000000e+00   0.0000000e+00   0.0000000e+00   0.0000000e+00   0.0000000e+00   0.0000000e+00   0.0000000e+00   0.0000000e+00   1.6038362e+00   0.0000000e+00
   3.4118143e+00   4.6024372e+00   7.7669809e+00   1.0327237e+01   0.0000000e+00   4.8382753e+00   1.8141655e+00   1.0231438e+00   4.1841424e-02   2.4325308e-01   1.8558384e-01   0.0000000e+00  -1.9734785e-03  -6.9784334e-01  -1.4079964e-01   9.5020224e-01   5.4042586e+00   5.7730712e+00   3.7519606e+00   1.9310229e+00   2.0626850e+00   2.3754248e+00   0.0000000e+00  -8.8533226e-01  -7.1689313e-01  -3.5527843e-01   2.4205196e+00   3.7399938e+00   2.5901891e+00   1.9414544e+00   2.5119577e+00   2.9043946e+00   3.5406278e+00   0.0000000e+00   0.0000000e+00  -7.2016071e-01  -3.8048616e-01  -7.7488174e-01  -9.3976910e-01   6.2266420e+00  -5.8160930e-01  -6.9060410e-01  -8.3545898e-01  -7.3906196e-01  -2.7200797e-01  -2.3272310e-01   0.0000000e+00  -1.1909142e+00  -1.2346309e+00  -1.0647796e+00  -9.1714431e-01  -2.3534503e-01  -6.6627199e-02   1.1541751e+00   1.2077371e+00   0.0000000e+00   0.0000000e+00   0.0000000e+00   2.5181370e+00   7.2037766e-01  -5.6999018e-01  -7.2752479e-01  -3.6228490e-01  -3.8151846e-01  -2.3537210e-01  -8.1755009e-02  -1.3367934e-01   0.0000000e+00   0.0000000e+00   0.0000000e+00  -6.9895146e-01  -1.1383113e+00  -8.4664048e-01  -8.1325382e-01  -7.8819721e-01   6.0702616e-01   8.5769613e-01   0.0000000e+00   0.0000000e+00  -1.0216695e+00  -1.0328698e+00  -8.7023954e-01  -6.2594345e-01  -3.4436985e-01   4.7762019e-01   0.0000000e+00   0.0000000e+00   0.0000000e+00  -4.8267154e-01  -4.1253436e-01   4.8866471e-02   1.6073073e-01   1.0625211e-01   7.7016183e-01  -7.1821811e-01  -5.6524637e-01  -6.9402570e-01  -8.4977173e-01  -5.9786436e-01  -8.3283443e-01  -8.6803964e-01  -6.2456379e-01  -4.4074155e-01  -8.6236788e-01  -1.3647729e+00  -1.1697466e+00  -4.9565675e-01  -4.1071287e-01  -1.6481471e-01   6.8462301e-01   0.0000000e+00  -1.0577973e+00  -1.1727681e+00  -3.4853923e-02  -1.5025123e-01  -3.5788928e-01  -2.7290322e-01   9.5994163e-02   0.0000000e+00   0.0000000e+00   0.0000000e+00  -2.5575002e-01   0.0000000e+00   0.0000000e+00  -9.8936785e-01  -9.1471150e-01  -5.8201792e-01   4.2316148e-01   4.4877462e-01   4.7824571e-01   8.5898787e-01   0.0000000e+00
   1.3319171e+00   1.9601879e+00   4.1029937e+00   6.6552045e+00   4.8382753e+00   0.0000000e+00   4.2613669e+00   4.2321753e-02  -2.2695086e-01   1.1917593e-02  -1.5011512e-01   0.0000000e+00  -2.1630403e-01  -8.1794370e-01  -5.9684788e-01  -2.5127165e-01   3.7298280e+00   4.4508882e+00   3.1673151e+00   1.6154026e+00   1.5786159e+00   1.4459317e+00   0.0000000e+00  -1.0673841e+00  -8.0519476e-01  -8.1337822e-01   1.6882739e+00   3.3953261e+00   2.4130554e+00   1.7175609e+00   2.2029879e+00   2.1427731e+00   2.3902475e+00   0.0000000e+00   0.0000000e+00  -7.6669375e-01  -4.5548599e-01  -7.6160484e-01  -8.9953764e-01   6.3200138e+00  -5.0536684e-01  -6.2968131e-01  -7.8215449e-01  -6.9495668e-01  -5.1658992e-01  -5.1447789e-01   0.0000000e+00  -1.2428141e+00  -1.2143593e+00  -1.0304516e+00  -8.6029574e-01  -1.6543579e-01  -4.3635634e-02   5.2955934e-01   5.5369618e-01   0.0000000e+00   0.0000000e+00   0.0000000e+00   1.0198074e+00  -1.8929116e-01  -7.7319842e-01  -6.7074981e-01  -1.4822779e-01  -1.9704497e-01  -5.0922589e-01  -5.2393966e-01  -5.5324877e-01   0.0000000e+00   0.0000000e+00   0.0000000e+00  -6.4731321e-01  -1.0956984e+00  -7.5034574e-01  -7.1502513e-01  -7.2947081e-01   1.9892051e-01   3.8947052e-01   0.0000000e+00   0.0000000e+00  -1.0017667e+00  -1.0144592e+00  -8.3093363e-01  -5.7965694e-01  -2.3302363e-01   2.7993658e-01   0.0000000e+00   0.0000000e+00   0.0000000e+00  -3.6396093e-01  -3.0073490e-01   1.4878918e-01   2.3184109e-01  -4.5743153e-02   7.1463453e-01  -6.8069161e-01  -5.2627408e-01  -6.7788187e-01  -8.3342543e-01  -4.9508759e-01  -7.3565697e-01  -8.2768550e-01  -5.6741930e-01  -3.7425336e-01  -8.9231537e-01  -1.4325779e+00  -1.2702763e+00  -4.7597070e-01  -3.7438121e-01  -1.7665959e-01   2.6773154e-01   0.0000000e+00  -1.0682895e+00  -1.1559957e+00  -1.6368944e-02  -1.2292008e-01  -3.4676132e-01  -2.0304499e-01   2.2234497e-02   0.0000000e+00   0.0000000e+00   0.0000000e+00  -2.7638023e-01   0.0000000e+00   0.0000000e+00  -9.3289022e-01  -8.8796930e-01  -6.1280197e-01  -4.0822537e-03  -2.7275423e-02   2.3972622e-02   3.4919928e-01   0.0000000e+00
   3.9195183e-01   1.8791622e-01   1.0665171e+00   2.1843007e+00   1.8141655e+00   4.2613669e+00   0.0000000e+00   1.3558892e+00  -1.1622288e+00  -7.9204377e-02   4.5228630e-01   0.0000000e+00   1.2195247e-01  -4.3655880e-01  -3.2857270e-01  -6.1346294e-01  -3.5865426e-02   4.7932872e-01   1.0014213e-01  -1.3144661e-01  -2.1272208e-01  -1.0158511e+00   0.0000000e+00  -8.9446848e-01  -3.3335513e-01  -9.8698720e-01   2.1835332e-02  -4.0554717e-01  -4.1632368e-01  -6.6206873e-01  -6.1238465e-01  -1.1265315e+00  -1.3706564e+00   0.0000000e+00   0.0000000e+00  -6.0418943e-01  -3.4603691e-01  -5.0549969e-01  -5.8752671e-01  -6.9118511e-01   8.5089090e+00   1.1282040e+01   1.3541583e+01   1.7267664e+01   2.7386142e+01  -1.7097337e+02   0.0000000e+00  -1.2979392e+00  -8.4567224e-01  -6.1744374e-01  -3.6448457e-01   3.2245495e-02  -1.3739061e-01  -5.3345014e-01  -5.9199075e-01   0.0000000e+00   0.0000000e+00   0.0000000e+00  -5.1214856e-01  -8.6568120e-01  -7.1235879e-01  -4.7480216e-01  -1.4851115e-01   9.5733994e-01   6.4322119e-01   7.9574597e-01   1.0396380e+00   0.0000000e+00   0.0000000e+00   0.0000000e+00  -4.0778981e-01  -8.7662466e-01  -4.0658044e-01  -3.3776386e-01  -4.4858756e-01  -5.4109293e-01  -6.0226510e-01   0.0000000e+00   0.0000000e+00  -6.8806556e-01  -6.2167652e-01  -4.5878284e-01  -1.7778555e-01   3.1746773e-02  -6.7401570e-02   0.0000000e+00   0.0000000e+00   0.0000000e+00  -5.1992087e-01  -4.8965648e-01   4.0705292e-02   4.2035923e-02  -5.5205128e-01  -5.8399810e-02  -4.5828669e-01  -4.5586881e-01  -5.8698136e-01  -7.1790218e-01  -3.1063930e-01  -5.4364527e-01  -7.2404260e-01  -4.4981699e-01  -2.6851120e-01  -9.3638433e-01  -1.3801443e+00  -1.2986595e+00  -5.6400534e-01  -4.3459007e-01  -4.2418802e-01  -7.2758075e-01   0.0000000e+00  -1.1338907e+00  -1.1320593e+00  -3.0203478e-01  -3.2588991e-01  -4.8022927e-01  -4.3796479e-01  -5.9983947e-01   0.0000000e+00   0.0000000e+00   0.0000000e+00  -3.5897563e-01   0.0000000e+00   0.0000000e+00  -8.0038654e-01  -8.5270585e-01  -8.1974854e-01  -8.7326167e-01  -8.4373664e-01  -8.2964970e-01  -7.6190066e-01   0.0000000e+00
  -5.7934663e-01  -7.4090754e-01  -4.7394972e-01  -6.6285937e-02   1.0231438e+00   4.2321753e-02   1.3558892e+00   0.0000000e+00  -2.2434340e-01   7.6521808e-01  -2.3044779e-01   0.0000000e+00  -5.5791973e-01  -9.0585376e-01  -8.8789269e-01  -1.0436622e+00   1.0893978e+00   1.0667749e+00   6.8550614e-01   5.1058135e-01   1.9654806e+00   5.7683029e-01   0.0000000e+00  -1.2647145e+00  -8.6930835e-01  -1.2894349e+00  -5.9375946e-01   2.0322259e+00   2.0007683e+00   1.5205490e+00   1.7045908e+00   1.4430095e+00   1.2758319e+00   0.0000000e+00   0.0000000e+00  -9.6989946e-01  -7.5271469e-01  -8.5375355e-01  -9.1931412e-01   7.0730302e+00  -6.2693135e-01  -7.5123597e-01  -8.5674050e-01  -8.2863162e-01  -1.1160457e+00  -1.1733679e+00   0.0000000e+00  -1.2693572e+00  -1.2277224e+00  -1.0583524e+00  -9.1866093e-01  -2.8125474e-01  -3.1598938e-01  -8.0559262e-01  -8.3417069e-01   0.0000000e+00   0.0000000e+00   0.0000000e+00  -5.9957782e-01  -8.7253240e-01  -1.0167879e+00  -7.9812859e-01  -2.2863332e-01   1.7602419e-01  -7.5448643e-01  -1.1023949e+00  -1.1621702e+00   0.0000000e+00   0.0000000e+00   0.0000000e+00  -7.2649720e-01  -1.0625905e+00  -6.4746766e-01  -5.8308668e-01  -6.7010882e-01  -8.6008221e-01  -9.3801049e-01   0.0000000e+00   0.0000000e+00  -8.9537356e-01  -8.4990458e-01  -6.7413123e-01  -4.5380015e-01  -2.4528868e-01  -3.5376609e-01   0.0000000e+00   0.0000000e+00   0.0000000e+00  -3.9927990e-01  -3.7511515e-01   5.2146556e-02   1.0412421e-01  -2.3837192e-01   4.6276895e-01  -7.7775994e-01  -6.1577478e-01  -7.5120327e-01  -8.7237391e-01  -5.1860226e-01  -6.7570399e-01  -8.2814895e-01  -5.7532711e-01  -4.0471923e-01  -9.0058505e-01  -1.3796708e+00  -1.3006243e+00  -6.0969566e-01  -4.8941622e-01  -5.6152138e-01  -9.4372649e-01   0.0000000e+00  -1.1174640e+00  -1.0948294e+00  -4.2068075e-01  -4.4715293e-01  -6.0356662e-01  -5.1763093e-01  -7.4135142e-01   0.0000000e+00   0.0000000e+00   0.0000000e+00  -4.7553967e-01   0.0000000e+00   0.0000000e+00  -9.3460406e-01  -9.6521719e-01  -1.0009636e+00  -1.1163687e+00  -1.0803186e+00  -1.0850930e+00  -9.3726842e-01   0.0000000e+00
   8.4423858e-01   3.0116123e-01   9.2248882e-01   1.2454262e+00   4.1841424e-02  -2.2695086e-01  -1.1622288e+00  -2.2434340e-01   0.0000000e+00   3.5575352e+00   6.9118835e+00   0.0000000e+00  -9.6495754e-02  -7.9942179e-01  -8.5730277e-01  -1.0103961e+00  -5.7459681e-01  -3.6344508e-01  -6.6835867e-01  -1.0949478e+00   8.2973485e-01   5.6665773e+00   0.0000000e+00  -6.8634908e-01  -1.0187702e+00  -1.2177089e+00  -3.3729154e-01  -9.0828463e-01  -8.7446074e-01  -1.2261959e+00  -1.1818184e+00   1.2539788e+00   2.1808407e+00   0.0000000e+00   0.0000000e+00  -1.0462469e+00  -7.7891043e-01  -1.0821390e+00  -1.2001900e+00  -1.0814725e+00   8.5876352e+00   1.1610475e+01   1.3894161e+01   1.9319391e+01   6.5339443e+01  -1.8923679e+02   0.0000000e+00  -1.3951860e+00  -1.2460400e+00  -1.2137486e+00  -1.1720523e+00  -8.6437119e-01   7.2319963e-02   4.3772131e+00   5.0524888e+00   0.0000000e+00   0.0000000e+00   0.0000000e+00  -1.1791393e-01  -9.1789617e-01  -1.1789309e+00  -1.4924945e+00  -8.9512944e-01   6.9951866e-01   4.6989342e+00   5.7580648e+00   6.3945306e+00   0.0000000e+00   0.0000000e+00   0.0000000e+00  -9.5893838e-01  -1.2831386e+00  -1.2912722e+00  -1.3419055e+00  -7.7775021e-01   3.5676493e+00   4.2392980e+00   0.0000000e+00   0.0000000e+00  -1.1937429e+00  -1.4099588e+00  -1.2907088e+00  -1.1156206e+00  -6.2266993e-01   2.3868681e+00   0.0000000e+00   0.0000000e+00   0.0000000e+00  -1.0740909e+00  -1.0663844e+00  -7.0064417e-01  -3.8063776e-01  -9.2676578e-01  -5.1523273e-01  -9.7283335e-01  -8.8557493e-01  -9.8222676e-01  -1.0969257e+00  -1.1103037e+00  -1.2850767e+00  -1.1363674e+00  -8.1220928e-01  -6.0515415e-01  -1.2233708e+00  -1.3746602e+00  -1.0766193e+00  -3.8548392e-01  -4.1342404e-01  -1.4343856e-01   2.3274751e-01   0.0000000e+00  -1.2471157e+00  -1.4085287e+00   1.3594730e-01  -1.4498413e-01  -4.6900633e-01  -5.1998693e-01  -1.3668609e-01   0.0000000e+00   0.0000000e+00   0.0000000e+00  -3.4108250e-01   0.0000000e+00   0.0000000e+00  -1.1927114e+00  -1.0907335e+00  -6.0496461e-01   3.0285864e-02   5.4128684e-02   7.8344135e-02   2.0699659e-01   0.0000000e+00
   8.1766386e-01   3.3130294e-01   9.6477285e-01   1.4929388e+00   2.4325308e-01   1.1917593e-02  -7.9204377e-02   7.6521808e-01   3.5575352e+00   0.0000000e+00   4.8035722e+00   0.0000000e+00  -4.7424267e-02  -7.8110636e-01  -8.4494599e-01  -9.9077042e-01  -4.9113208e-01  -1.3183664e-01  -3.5020745e-01  -8.4384803e-01   1.5434884e+00   6.7246280e+00   0.0000000e+00  -7.1268009e-01  -9.5273098e-01  -1.2051163e+00  -1.7572186e-01  -7.5363998e-01  -5.9627870e-01  -1.0143405e+00  -9.5608887e-01   1.5447005e+00   2.2966300e+00   0.0000000e+00   0.0000000e+00  -9.0219230e-01  -5.6908907e-01  -9.1136359e-01  -1.0363223e+00  -9.0901083e-01   1.1561008e+01   1.6757131e+01   2.1286843e+01   3.0510564e+01   1.4183713e+02  -8.0607538e+01   0.0000000e+00  -1.3853901e+00  -1.2135721e+00  -1.1436769e+00  -1.0381670e+00  -6.5489750e-01   3.1106718e-01   4.3395222e+00   4.9566327e+00   0.0000000e+00   0.0000000e+00   0.0000000e+00   3.9254704e-03  -9.0768749e-01  -1.1236177e+00  -1.3625129e+00  -6.1397200e-01   1.1014580e+00   5.2774918e+00   5.9027077e+00   6.1227037e+00   0.0000000e+00   0.0000000e+00   0.0000000e+00  -7.2446464e-01  -1.2343623e+00  -1.1536036e+00  -1.1999938e+00  -7.1811770e-01   3.0710638e+00   3.7994420e+00   0.0000000e+00   0.0000000e+00  -1.1592262e+00  -1.4058192e+00  -1.2350754e+00  -9.6879983e-01  -4.1688336e-01   2.1875672e+00   0.0000000e+00   0.0000000e+00   0.0000000e+00  -8.7263268e-01  -8.4863797e-01  -4.1489824e-01  -7.1724294e-02  -8.5904793e-01  -3.0768041e-01  -7.9727642e-01  -7.9019256e-01  -9.1254986e-01  -1.0557304e+00  -9.4723858e-01  -1.1705114e+00  -1.0828763e+00  -7.2111731e-01  -4.9335006e-01  -1.1708850e+00  -1.4082228e+00  -1.0796007e+00  -1.8821644e-01  -2.0948494e-01  -9.9331951e-02   1.2951974e-01   0.0000000e+00  -1.2540921e+00  -1.4254596e+00   2.3227007e-01  -2.8575846e-02  -3.6592073e-01  -3.5952131e-01  -2.5255227e-02   0.0000000e+00   0.0000000e+00   0.0000000e+00  -3.2418788e-01   0.0000000e+00   0.0000000e+00  -1.1276001e+00  -1.0726269e+00  -6.3224951e-01  -7.7290495e-02  -6.5428271e-02  -5.5106467e-02   5.8767079e-02   0.0000000e+00
   8.9034217e-01   3.5102618e-01   9.8704314e-01   1.4029792e+00   1.8558384e-01  -1.5011512e-01   4.5228630e-01  -2.3044779e-01   6.9118835e+00   4.8035722e+00   0.0000000e+00   0.0000000e+00  -1.6082359e-01  -8.5055752e-01  -8.4402838e-01  -1.0251423e+00  -5.5944000e-01  -3.3968330e-01  -6.4026601e-01  -1.0831350e+00   7.9864364e-01   6.5373158e+00   0.0000000e+00  -6.9078846e-01  -1.0314107e+00  -1.2386032e+00  -2.8365209e-01  -9.2100986e-01  -8.9914420e-01  -1.2217970e+00  -1.1756670e+00   1.5810852e+00   2.7355068e+00   0.0000000e+00   0.0000000e+00  -1.0267373e+00  -7.2881996e-01  -1.0706292e+00  -1.2105305e+00  -1.0833168e+00   1.4189297e+01   2.3349067e+01   3.3041311e+01   5.1626660e+01  -4.5784007e+03  -6.2721853e+01   0.0000000e+00  -1.4050735e+00  -1.2770268e+00  -1.2437169e+00  -1.1927092e+00  -8.7406346e-01   2.1703683e-01   5.4631703e+00   6.1159241e+00   0.0000000e+00   0.0000000e+00   0.0000000e+00  -9.2093846e-02  -9.5344477e-01  -1.1875210e+00  -1.5296061e+00  -9.0520060e-01   9.9587283e-01   5.6351707e+00   6.4916224e+00   6.5924136e+00   0.0000000e+00   0.0000000e+00   0.0000000e+00  -9.2838309e-01  -1.2892873e+00  -1.3201031e+00  -1.3654676e+00  -7.8895717e-01   3.8578547e+00   4.6253977e+00   0.0000000e+00   0.0000000e+00  -1.2174826e+00  -1.4623673e+00  -1.3233790e+00  -1.1297590e+00  -6.4509518e-01   2.5774573e+00   0.0000000e+00   0.0000000e+00   0.0000000e+00  -1.0784337e+00  -1.0545778e+00  -6.6298502e-01  -3.2057715e-01  -9.2558715e-01  -5.0044269e-01  -9.7235532e-01  -9.2458150e-01  -9.9224585e-01  -1.1147198e+00  -1.1265632e+00  -1.3053647e+00  -1.1592704e+00  -8.3140858e-01  -6.2818171e-01  -1.2071431e+00  -1.3733742e+00  -1.0500755e+00  -2.2068492e-01  -2.7099220e-01  -1.0989691e-01   2.6597580e-01   0.0000000e+00  -1.2552333e+00  -1.4325844e+00   2.0182974e-01  -1.1575033e-01  -4.1590798e-01  -4.7942234e-01  -8.5852985e-02   0.0000000e+00   0.0000000e+00   0.0000000e+00  -3.8100152e-01   0.0000000e+00   0.0000000e+00  -1.1942443e+00  -1.1130262e+00  -5.7504930e-01   5.5180160e-02   6.8283573e-02   8.4709639e-02   1.9852418e-01   0.0000000e+00
   0.0000000e+00   0.0000000e+00   0.0000000e+00   0.0000000e+00   0.0000000e+00   0.0000000e+00   0.0000000e+00   0.0000000e+00   0.0000000e+00   0.0000000e+00   0.0000000e+00   0.0000000e+00   0.0000000e+00   0.0000000e+00   0.0000000e+00   0.0000000e+00   0.0000000e+00   0.0000000e+00   0.0000000e+00   0.0000000e+00   0.0000000e+00   0.0000000e+00   6.0728579e+00   0.0000000e+00   0.0000000e+00   0.0000000e+00   0.0000000e+00   0.0000000e+00   0.0000000e+00   0.0000000e+00   0.0000000e+00   0.0000000e+00   0.0000000e+00   5.6469398e+00   5.8024636e+00   0.0000000e+00   0.0000000e+00   0.0000000e+00   0.0000000e+00   0.0000000e+00   0.0000000e+00   0.0000000e+00   0.0000000e+00   0.0000000e+00   0.0000000e+00   0.0000000e+00  -2.8379095e+01   0.0000000e+00   0.0000000e+00   0.0000000e+00   0.0000000e+00   0.0000000e+00   0.0000000e+00   0.0000000e+00   0.0000000e+00   1.0572459e+01   1.1499282e+01   1.2108974e+01   0.0000000e+00   0.0000000e+00   0.0000000e+00   0.0000000e+00   0.0000000e+00   0.0000000e+00   0.0000000e+00   0.0000000e+00   0.0000000e+00   7.0075985e+00   7.2223554e+00   7.0545004e+00   0.0000000e+00   0.0000000e+00   0.0000000e+00   0.0000000e+00   0.0000000e+00   0.0000000e+00   0.0000000e+00   0.0000000e+00   0.0000000e+00   0.0000000e+00   0.0000000e+00   0.0000000e+00   0.0000000e+00   0.0000000e+00   0.0000000e+00   0.0000000e+00   0.0000000e+00   0.0000000e+00   0.0000000e+00   0.0000000e+00   0.0000000e+00   0.0000000e+00   0.0000000e+00   0.0000000e+00   0.0000000e+00   0.0000000e+00   0.0000000e+00   0.0000000e+00   0.0000000e+00   0.0000000e+00   0.0000000e+00   0.0000000e+00   0.0000000e+00   0.0000000e+00   0.0000000e+00   0.0000000e+00   0.0000000e+00   0.0000000e+00   0.0000000e+00   0.0000000e+00  -2.5495969e+00   0.0000000e+00   0.0000000e+00   0.0000000e+00   0.0000000e+00   0.0000000e+00   0.0000000e+00   0.0000000e+00  -2.0116464e+00  -1.9582609e+00   0.0000000e+00   0.0000000e+00   0.0000000e+00   0.0000000e+00   0.0000000e+00   0.0000000e+00   0.0000000e+00   0.0000000e+00   0.0000000e+00   0.0000000e+00   0.0000000e+00  -2.2320918e+00
   1.0423872e-01  -5.7277092e-01   2.9264678e-01   7.5892342e-01  -1.9734785e-03  -2.1630403e-01   1.2195247e-01  -5.5791973e-01  -9.6495754e-02  -4.7424267e-02  -1.6082359e-01   0.0000000e+00   0.0000000e+00   1.0862569e+00   8.2625360e-03  -9.4740708e-02  -1.1601099e-01  -1.7009420e-01  -3.6214667e-01  -6.4633372e-01  -4.7046692e-01  -7.6064761e-01   0.0000000e+00  -6.3117608e-01   3.5853413e-01  -8.9222111e-01  -4.7381192e-01  -4.6139438e-01  -3.6357755e-01  -5.2406164e-01  -5.4203692e-01  -9.1482810e-01  -1.0478280e+00   0.0000000e+00   0.0000000e+00  -6.3064641e-01  -4.7726870e-01  -6.1666053e-01  -6.9215978e-01  -4.6472944e-01   1.2908855e-01   6.3083757e-02  -1.5885272e-03  -8.3934150e-03  -3.2038019e-01  -4.1528191e-01   0.0000000e+00  -5.2817962e-01  -7.7149380e-01  -6.0865703e-01  -4.4813725e-01  -3.7221889e-01  -4.8946058e-01  -6.3205348e-01  -6.4196337e-01   0.0000000e+00   0.0000000e+00   0.0000000e+00   5.0696326e-01   1.2226844e-01  -5.5454616e-01  -4.3675619e-01  -4.5591809e-01   5.9328141e-02  -1.7996686e-01  -2.3736628e-01  -3.0342768e-01   0.0000000e+00   0.0000000e+00   0.0000000e+00   3.2830418e-01  -6.9653642e-01  -3.0448756e-01  -2.5084363e-01  -3.4725474e-01  -3.3338632e-01  -3.6971962e-01   0.0000000e+00   0.0000000e+00  -7.6484721e-01  -7.2015874e-01  -6.1510753e-01  -4.9912692e-01  -3.4705601e-01  -4.3173582e-01   0.0000000e+00   0.0000000e+00   0.0000000e+00   1.7781365e-01   2.5561665e-01  -3.4409663e-01  -3.9073160e-01  -4.6155668e-02   3.8550480e-01   2.3726630e-01   2.2923767e-02  -8.2837495e-02  -1.7763555e-01   1.2648039e-01   1.2623281e-02  -1.8678157e-01   9.4860196e-02   2.8107930e-01  -8.4077058e-01  -1.2075971e+00  -1.1389112e+00  -2.0633087e-01   6.3313987e-02  -1.0731482e-01  -4.0607004e-01   0.0000000e+00  -1.0722717e+00  -1.0740314e+00   6.9547005e-02  -1.7470762e-01  -3.0685946e-01  -2.6087814e-01  -3.7567663e-01   0.0000000e+00   0.0000000e+00   0.0000000e+00   0.0000000e+00   0.0000000e+00   0.0000000e+00   0.0000000e+00   0.0000000e+00   0.0000000e+00   0.0000000e+00   0.0000000e+00   0.0000000e+00  -2.0344441e-01   0.0000000e+00
  -2.4925876e-01  -9.7561407e-01  -3.1865188e-01   5.5467108e-02  -6.9784334e-01  -8.1794370e-01  -4.3655880e-01  -9.0585376e-01  -7.9942179e-01  -7.8110636e-01  -8.5055752e-01   0.0000000e+00   1.0862569e+00   0.0000000e+00   1.4015642e-01   9.4126085e-01  -3.6584859e-01  -7.5483708e-01  -8.7252741e-01  -9.5326139e-01  -9.7171322e-01  -1.2761775e+00   0.0000000e+00  -3.7456905e-01   2.3692638e-01  -8.9280256e-01  -8.3208961e-01  -8.7776317e-01  -9.0008578e-01  -9.0565392e-01  -9.3700577e-01  -1.3167844e+00  -1.3950355e+00   0.0000000e+00   0.0000000e+00  -9.5869717e-01  -9.5408518e-01  -9.8279823e-01  -1.0409286e+00  -1.0471823e+00  -6.3073139e-01  -5.8253056e-01  -5.2850661e-01  -5.8467791e-01  -9.3174069e-01  -9.9209242e-01   0.0000000e+00  -6.6345120e-01  -9.0321417e-01  -8.2332573e-01  -7.8716549e-01  -7.5437032e-01  -8.5927325e-01  -1.0981008e+00  -1.1227725e+00   0.0000000e+00   0.0000000e+00   0.0000000e+00  -2.6836573e-01  -3.6991532e-01  -8.1193574e-01  -8.3847357e-01  -7.5636570e-01  -4.5253026e-01  -8.4005202e-01  -8.9952089e-01  -9.1753777e-01   0.0000000e+00   0.0000000e+00   0.0000000e+00  -2.5940735e-01  -7.8548915e-01  -6.6109379e-01  -6.4665815e-01  -6.5136256e-01  -8.4158127e-01  -8.5420568e-01   0.0000000e+00   0.0000000e+00  -9.0110123e-01  -8.5374752e-01  -7.8644337e-01  -7.5428728e-01  -7.4806444e-01  -9.2073913e-01   0.0000000e+00   0.0000000e+00   0.0000000e+00  -3.5949903e-01  -3.6775325e-01  -7.9834328e-01  -8.2845809e-01  -3.0238131e-01  -1.9029092e-01  -2.7050349e-01  -3.2076455e-01  -3.5774808e-01  -3.9197243e-01  -2.6394955e-01  -2.9214115e-01  -4.0651844e-01  -2.2086447e-01  -1.5224181e-01  -1.0008033e+00  -1.1843979e+00  -1.1773572e+00  -7.0403904e-01  -5.1809465e-01  -6.9495040e-01  -9.0833973e-01   0.0000000e+00  -1.1558286e+00  -1.1222215e+00  -6.5269901e-01  -7.7089252e-01  -7.4750686e-01  -7.6012218e-01  -9.9125054e-01   0.0000000e+00   0.0000000e+00   0.0000000e+00   0.0000000e+00   0.0000000e+00   0.0000000e+00   0.0000000e+00   0.0000000e+00   0.0000000e+00   0.0000000e+00   0.0000000e+00   0.0000000e+00  -8.0511681e-01   0.0000000e+00
   1.7992840e-01  -8.4265441e-01  -6.1739933e-02   3.9878626e-01  -1.4079964e-01  -5.9684788e-01  -3.2857270e-01  -8.8789269e-01  -8.5730277e-01  -8.4494599e-01  -8.4402838e-01   0.0000000e+00   8.2625360e-03   1.4015642e-01   0.0000000e+00   9.2620109e+00   3.1432690e+00  -3.0229935e-01  -7.8303665e-01  -9.0835047e-01  -9.4415386e-01  -1.3162131e+00   0.0000000e+00   6.6578864e-01   9.6591220e-01  -6.7251273e-01  -6.3456369e-01  -7.6499259e-01  -8.6172964e-01  -9.0088026e-01  -9.0425259e-01  -1.3260237e+00  -1.3889230e+00   0.0000000e+00   0.0000000e+00  -8.1319524e-01  -8.1802664e-01  -9.2806023e-01  -1.0267383e+00  -1.0305044e+00  -5.9742159e-01  -5.7015791e-01  -5.3581562e-01  -5.7350581e-01  -8.9804612e-01  -9.1617203e-01   0.0000000e+00  -5.8364673e-01  -8.3309841e-01  -7.4223299e-01  -6.8001118e-01  -6.2327639e-01  -6.8160745e-01  -1.0083173e+00  -1.0408721e+00   0.0000000e+00   0.0000000e+00   0.0000000e+00  -2.1038135e-01  -3.1165847e-01  -7.4625546e-01  -7.5580777e-01  -7.1012722e-01  -4.0747178e-01  -8.6702893e-01  -8.8301065e-01  -8.9147392e-01   0.0000000e+00   0.0000000e+00   0.0000000e+00  -2.2529274e-01  -7.2446628e-01  -5.8173668e-01  -5.5558753e-01  -5.3192341e-01  -7.7184740e-01  -7.7095250e-01   0.0000000e+00   0.0000000e+00  -8.1041129e-01  -7.2820763e-01  -7.5312691e-01  -7.4305202e-01  -7.0286610e-01  -8.8292828e-01   0.0000000e+00   0.0000000e+00   0.0000000e+00  -4.0768493e-01  -3.9736978e-01  -7.8580890e-01  -7.7478993e-01  -1.7417346e-01  -8.2952344e-02  -1.5603594e-01  -2.1081500e-01  -2.2547836e-01  -2.4401959e-01  -1.1106890e-01  -2.0781751e-01  -2.4741886e-01  -3.0006845e-02   1.7158917e-02  -1.0074051e+00  -1.1906347e+00  -1.1703061e+00  -6.7626143e-01  -4.6453124e-01  -6.0333973e-01  -8.6845684e-01   0.0000000e+00  -1.1034461e+00  -1.0881650e+00  -6.1481084e-01  -7.5794337e-01  -7.1557846e-01  -7.5486410e-01  -9.4015068e-01   0.0000000e+00   0.0000000e+00   0.0000000e+00   0.0000000e+00   0.0000000e+00   0.0000000e+00   0.0000000e+00   0.0000000e+00   0.0000000e+00   0.0000000e+00   0.0000000e+00   0.0000000e+00  -7.1296054e-01   0.0000000e+00
  -4.0072441e-01  -1.5715357e-01   1.5259418e+00   3.3056941e+00   9.5020224e-01  -2.5127165e-01  -6.1346294e-01  -1.0436622e+00  -1.0103961e+00  -9.9077042e-01  -1.0251423e+00   0.0000000e+00  -9.4740708e-02   9.4126085e-01   9.2620109e+00   0.0000000e+00   4.1572400e+00   7.7899009e-01  -5.7548835e-01  -1.0371195e+00  -9.7803708e-01  -1.3440146e+00   0.0000000e+00  -1.5210882e-01   1.4361394e-01   2.5190345e-01   8.5620477e-01  -5.9075334e-01  -8.4084712e-01  -1.0042352e+00  -1.0168181e+00  -1.3834264e+00  -1.4934075e+00   0.0000000e+00   0.0000000e+00   1.1500448e+00   1.6386104e+00   1.7285757e+00   2.1073958e+00  -1.0036221e+00  -6.5998000e-01  -7.2428915e-01  -7.6821381e-01  -7.6869117e-01  -1.0066348e+00  -1.0410723e+00   0.0000000e+00  -1.0590210e+00   0.0000000e+00   0.0000000e+00   0.0000000e+00  -4.3744137e-01  -4.7818947e-01  -7.9241880e-01  -8.0417241e-01   0.0000000e+00   0.0000000e+00   0.0000000e+00  -5.8027745e-01  -8.0520743e-01  -8.6996311e-01  -7.5451382e-01  -7.7171935e-01  -7.1921675e-01  -1.0505594e+00  -1.1002422e+00  -1.1014449e+00   0.0000000e+00   0.0000000e+00   0.0000000e+00  -6.3516741e-01  -9.6554034e-01  -6.9647731e-01  -6.2395152e-01  -6.7005714e-01  -7.2946991e-01  -7.2666947e-01   0.0000000e+00   0.0000000e+00  -8.5103238e-01  -7.3926343e-01  -6.7801414e-01  -5.9765919e-01  -4.6295292e-01  -5.6618386e-01   0.0000000e+00   0.0000000e+00   0.0000000e+00  -2.8501165e-01  -2.5060184e-01  -8.6244630e-01  -8.6157320e-01  -3.7677991e-01  -7.7149330e-02  -6.3528978e-01  -5.2736649e-01  -5.6139339e-01  -6.3793579e-01  -4.5607014e-01  -6.5636327e-01  -7.3911895e-01  -3.9255781e-01  -2.5738267e-01  -7.0258741e-01  -1.0844530e+00  -1.0208236e+00  -6.8711114e-01  -4.9715765e-01  -5.6918801e-01  -7.7343690e-01   0.0000000e+00  -8.7455441e-01  -8.8569962e-01  -4.7635250e-01  -6.1948792e-01  -6.7245769e-01  -6.1584292e-01  -8.2607791e-01   0.0000000e+00   0.0000000e+00   0.0000000e+00  -6.9814371e-01   0.0000000e+00   0.0000000e+00  -8.1268987e-01  -8.2960021e-01  -8.7179979e-01  -8.7726361e-01  -8.3957812e-01  -8.4207964e-01  -7.7579050e-01   0.0000000e+00
   5.5571239e-01   1.1756717e+00   3.8468109e+00   6.8007377e+00   5.4042586e+00   3.7298280e+00  -3.5865426e-02   1.0893978e+00  -5.7459681e-01  -4.9113208e-01  -5.5944000e-01   0.0000000e+00  -1.1601099e-01  -3.6584859e-01   3.1432690e+00   4.1572400e+00   0.0000000e+00   3.0535695e+00   2.3181132e+00   1.0387799e+00   1.2842962e+00   1.2193711e+00   0.0000000e+00  -8.1277071e-01  -5.5022676e-01   2.2003820e+00   5.3890895e+00   3.1118105e+00   1.2172410e+00   7.3345305e-01   1.5224599e+00   1.5171946e+00   1.7648184e+00   0.0000000e+00   0.0000000e+00  -4.4840057e-02   2.4179956e-01  -5.9086811e-01  -8.2946621e-01   3.4984271e+00  -5.1445595e-01  -6.5137980e-01  -7.6773494e-01  -6.8961864e-01  -6.8099715e-01  -7.1696758e-01   0.0000000e+00  -1.1907457e+00  -1.1469935e+00  -9.3519953e-01  -7.8204299e-01  -6.0534812e-02   1.1891384e-01   2.8206229e-01   2.9478926e-01   0.0000000e+00   0.0000000e+00   0.0000000e+00   7.6131114e-02  -5.7478881e-01  -9.6099579e-01  -8.2426889e-01  -6.7048629e-01  -5.5272085e-01  -7.5533096e-01  -6.9965153e-01  -7.4893240e-01   0.0000000e+00   0.0000000e+00   0.0000000e+00  -7.3056034e-01  -1.0546658e+00  -6.7424487e-01  -6.2885940e-01  -6.3090824e-01  -5.3465392e-03   1.1833975e-01   0.0000000e+00   0.0000000e+00  -8.5576056e-01  -8.4986839e-01  -6.6696703e-01  -4.5434266e-01  -1.2069683e-01   2.0946120e-01   0.0000000e+00   0.0000000e+00   0.0000000e+00  -3.8593967e-01  -3.5504177e-01   8.0025093e-02   2.3621328e-01   1.3959551e-02   6.3378114e-01  -7.3077284e-01  -5.7528104e-01  -6.4704045e-01  -7.7213451e-01  -5.1776984e-01  -6.9241511e-01  -7.5334947e-01  -4.1671967e-01  -2.6266661e-01  -8.1946852e-01  -1.3037260e+00  -1.1960911e+00  -5.2509344e-01  -4.2584788e-01  -3.5313092e-01  -5.6920250e-03   0.0000000e+00  -1.0245240e+00  -1.0622002e+00  -2.1625262e-01  -2.8657030e-01  -4.1741257e-01  -3.3717524e-01  -3.0312318e-01   0.0000000e+00   0.0000000e+00   0.0000000e+00  -3.9528960e-01   0.0000000e+00   0.0000000e+00  -9.0911599e-01  -8.9049499e-01  -6.8492247e-01  -1.2889161e-01  -9.8138554e-02  -1.0699705e-01   1.8536747e-01   0.0000000e+00
   4.0466484e-01   6.8965747e-01   2.4656764e+00   4.8855494e+00   5.7730712e+00   4.4508882e+00   4.7932872e-01   1.0667749e+00  -3.6344508e-01  -1.3183664e-01  -3.3968330e-01   0.0000000e+00  -1.7009420e-01  -7.5483708e-01  -3.0229935e-01   7.7899009e-01   3.0535695e+00   0.0000000e+00   2.9240507e+00   1.3041766e+00   1.2987909e+00   1.0224139e+00   0.0000000e+00  -1.1560324e+00  -7.5950052e-01   8.6425006e-01   5.6119637e+00   4.2768579e+00   2.0805638e+00   7.9752248e-01   1.7912932e+00   1.4095724e+00   1.4615324e+00   0.0000000e+00   0.0000000e+00  -1.4528864e-01   3.8328489e-01  -3.3985688e-01  -5.9338515e-01   4.5166496e+00   3.5375992e-02  -2.4560084e-01  -4.9095782e-01  -4.0957915e-01  -4.8159695e-01  -5.3689564e-01   0.0000000e+00  -1.1987886e+00  -1.0656710e+00  -7.4022804e-01  -5.1971620e-01   3.6019811e-01   5.0848480e-01   3.3943761e-01   3.4753428e-01   0.0000000e+00   0.0000000e+00   0.0000000e+00   2.0324280e-01  -5.9946238e-01  -8.9943202e-01  -6.0284902e-01  -3.0075028e-01  -1.0644167e-01  -5.6943091e-01  -6.9492036e-01  -7.4832720e-01   0.0000000e+00   0.0000000e+00   0.0000000e+00  -5.1086793e-01  -1.0632967e+00  -5.3392862e-01  -4.7226659e-01  -5.3349480e-01   7.8844260e-02   1.7629874e-01   0.0000000e+00   0.0000000e+00  -9.1749501e-01  -8.8543720e-01  -6.6646376e-01  -2.9325163e-01   1.5778278e-01   5.4200271e-01   0.0000000e+00   0.0000000e+00   0.0000000e+00  -4.0702753e-02   2.5824099e-02   5.3129017e-01   7.4301964e-01  -1.4286266e-03   9.4344175e-01  -5.6236109e-01  -4.6330439e-01  -5.9822432e-01  -7.7615214e-01  -4.2087846e-01  -6.6572022e-01  -7.3393105e-01  -3.2682004e-01  -9.8659076e-02  -8.0345190e-01  -1.4333335e+00  -1.3063604e+00  -2.8828330e-01  -1.5843075e-01  -5.1235846e-02   8.6513268e-02   0.0000000e+00  -1.0528646e+00  -1.1147731e+00   2.1367730e-01   1.4001075e-01  -1.2663556e-01   5.1320639e-02   5.4986751e-02   0.0000000e+00   0.0000000e+00   0.0000000e+00  -2.3443054e-01   0.0000000e+00   0.0000000e+00  -8.2777969e-01  -7.8274277e-01  -5.0566164e-01  -7.3855460e-02  -4.9348232e-02  -2.2547255e-02   2.9267693e-01   0.0000000e+00
